148,49
148,48
148,47
148,46
148,45
148,44
148,43
148,42
148,41
148,40
148,39
148,38
148,37
148,36
148,35
145,1
145,3
137,1
137,3
136,1
136,3
142,1
142,3
146,2
135,2
94,4
134,4
134,1
134,3
144,1
144,3
146,4
146,1
146,3
10,179
10,161
10,95
10,180
10,183
10,116
10,263
9,2
9,3
8,15
8,2
8,3
125,3
125,1
113,3
113,2
113,0
108,2
102,4
102,3
102,1
101,4
101,1
96,3
96,1
95,3
95,1
94,3
94,1
91,3
91,1
88,2
87,2
82,3
82,1
20,3
20,2
20,1
12,3
12,2
12,1
19,2
19,1
11,27
11,26
19,3
11,25
11,24
11,23
11,22
11,21
11,20
11,19
11,18
11,17
11,16
11,15
11,14
11,13
11,12
11,11
11,10
11,9
11,8
11,7
11,6
11,5
11,4
18,1
11,3
11,2
18,3
11,1
10,308
10,307
10,306
10,305
10,304
10,303
10,302
10,301
10,300
10,299
10,298
10,297
10,296
10,295
10,294
10,293
10,291
10,275
10,253
10,245
10,243
10,238
10,192
10,178
10,132
10,129
